3,2
3,1
3,3
10,262
10,146
10,156
10,76
10,188
10,6
10,2
10,3
11,14
11,6
11,28
11,26
11,2
11,3
9,7
9,6
9,1
9,4
9,2
9,3
8,12
8,14
8,13
8,7
8,4
8,8
8,2
8,3
12,2
25,31
25,30
25,29
25,28
25,27
25,26
25,25
25,24
25,23
25,22
25,21
25,20
25,19
25,18
25,17
25,16
25,15
25,14
25,13
25,12
25,11
25,10
25,9
25,8
25,7
25,6
25,5
25,4
25,3
25,2
25,1
25,0
20,3
20,2
20,1
19,3
19,2
19,1
18,1
12,1
18,3
12,3
11,16
14,1
11,12
14,3
11,8
13,1
11,1
13,3
11,4
10,268
10,114
10,96
10,82
10,72
10,1
10,26
2,2
8,11
8,10
8,1
2,1
8,5
0,575
0,574
0,573
0,572
0,571
0,570
2,3
0,569
0,568
0,567
0,566
0,565
0,564
0,563
0,562
0,561
0,560
0,559
0,558
